0 20 0 	0 1 2 3 
1 20 1 	0 1 2 4 
2 20 4 	0 1 2 5 
3 20 9 	0 1 2 6 
4 20 16 	0 1 2 7 
5 20 2 	0 1 3 4 
6 20 5 	0 1 3 5 
7 20 10 	0 1 3 6 
8 20 17 	0 1 3 7 
9 20 8 	0 1 4 5 
10 20 13 	0 1 4 6 
11 20 20 	0 1 4 7 
12 20 18 	0 1 5 6 
13 20 25 	0 1 5 7 
14 20 32 	0 1 6 7 
15 20 3 	0 2 3 4 
16 20 6 	0 2 3 5 
17 20 11 	0 2 3 6 
18 20 18 	0 2 3 7 
19 20 9 	0 2 4 5 
20 20 14 	0 2 4 6 
21 20 21 	0 2 4 7 
22 20 19 	0 2 5 6 
23 20 26 	0 2 5 7 
24 20 33 	0 2 6 7 
25 20 12 	0 3 4 5 
26 20 17 	0 3 4 6 
27 20 24 	0 3 4 7 
28 20 22 	0 3 5 6 
29 20 29 	0 3 5 7 
30 20 36 	0 3 6 7 
31 20 27 	0 4 5 6 
32 20 34 	0 4 5 7 
33 20 41 	0 4 6 7 
34 20 48 	0 5 6 7 
35 20 4 	1 2 3 4 
36 20 7 	1 2 3 5 
37 20 12 	1 2 3 6 
38 20 19 	1 2 3 7 
39 20 10 	1 2 4 5 
40 20 15 	1 2 4 6 
41 20 22 	1 2 4 7 
42 20 20 	1 2 5 6 
43 20 27 	1 2 5 7 
44 20 34 	1 2 6 7 
45 20 13 	1 3 4 5 
46 20 18 	1 3 4 6 
47 20 25 	1 3 4 7 
48 20 23 	1 3 5 6 
49 20 30 	1 3 5 7 
50 20 37 	1 3 6 7 
51 20 28 	1 4 5 6 
52 20 35 	1 4 5 7 
53 20 42 	1 4 6 7 
54 20 49 	1 5 6 7 
55 20 16 	2 3 4 5 
56 20 21 	2 3 4 6 
57 20 28 	2 3 4 7 
58 20 26 	2 3 5 6 
59 20 33 	2 3 5 7 
60 20 40 	2 3 6 7 
61 20 31 	2 4 5 6 
62 20 38 	2 4 5 7 
63 20 45 	2 4 6 7 
64 20 52 	2 5 6 7 
65 20 36 	3 4 5 6 
66 20 43 	3 4 5 7 
67 20 50 	3 4 6 7 
68 20 57 	3 5 6 7 
69 20 64 	4 5 6 7 
